01111111111113333333333333333333333333333333333333333333333333333333333333333333333333334334444444444444444444
00111111111111113313133333443333333333333333333333333333333333333333333333333133333333333333333344444444334444
00021111111111111111111113334443133333333333333333333333333333333333333333443333333333333333333333333333333333
00002111111111111111111111100235431133111133331133333333333333333333333311200133333333333333333333333333333333
00000222111111111111111111100222354331111111111111111111333111111113113200000033333333333333333333333333333333
00000022221111111111111111100022001311344333111111111111111111134531120000220011333333333333333333333333333333
00000002121111111111111111120022000031478988876411111113345567787412000000000031133333333333333333333333333333
00000000211111111111111111110000020001335557899878787778786556651200000022220153131333333333333333333333333333
00000000022222111111111111222000002000221114566688887777433121120000000000000553111111113333333333333333333333
00000000002222222222111121202200022000002211344555664431222200000000000022201665311111111111111111111133333333
00000000000022222222222222000200000000002023444443441112000000000000000002021455311111111111111111111111111111
00000000000002222222222222214120000000000213333331311131200000000000000000201688531111111111111111111111111111
00000000020000222222222221343120000000000233111312111111200000000000000000022589841111111111111111111111111111
00000000020000000222222222143122222222220031211120221111000022000000000000001588743111111111111111111111111111
00000000022000000022222222343111222213120031222200002221002112222220002220024789741111111111111111111111111111
00000000022200000022222222344411222222110022200000000021002120002222223356446888743111111111111111111111111111
00000000022200000000222221454120000000000000000000000000000000000000021356778889643111111111111111111111111111
00000000222000000000222223541112222000000000000000000000000000000222131334688999853311111111111111111111111111
22222220000000000000002214441133335410000000000022000210000000034311344444579889985311111111111111111111111111
22222220000000000000000234431331111343122200244346656730233111120021344544567888898531111111111222222222122221
22222220000000000000200233331311111311333441145678876412212200002211334665565688889764312222221222222222122222
02222220000000000000222213333333334331122167435999996114100000213344455556678778898777643311222222222222122111
00222220000000000000222213344313312222002687422111311368840000223444553146678888888777665554433122222222221111
00022200000000000000222134431120000000023565410000001778773000022131200213454468998776655544311211222222222111
00002200000000000000211134431200000001443313345300189764113343200022000021345557777666654312222211111111111112
00002200000000000000221334331120000011122221113530344553211113530000000023456777776765431122222211111111111111
00000200000000000000221133331112000002000000000000000220222211122000022344554566566653331112222211111111111111
00000000000000000000221311333112200000000000000000000000000000002222133455555544556543311112222111111111111113
00000000000000000002113344331111112000000000000000000000000000000214444455544554555433311112221111111111334455
00000000000000000222211331134333122000000000000000000000000020222222113334343113345543333111111111113345555555
00000000000000000222113333333111221222120000022200000021113121201222221111334333455643333333331113445555555544
00000000000000000222134444312222222213333113344453345432221221213321111122133333568743333311111111111334445544
00000000000000000022144333331333411111111333333333331122133120211331221221134567778743113111122222222222213133
00000000000000000013565541222111211111122200200000002111000002212002212135667777768875312222000000000000000000
00000000000000002214666665543111212000000000000002111132002200000211345555543334666889741200000000000000000000
00000000000000000021445543333343331200200000002212000000000001301412220213333344456678976531200000000000000000
00000000000000002213433113112112223331131200000000002000211355100000021443311113445656787556541200000000000000
00000000000000000221122000000020022202311320022002455312143310000002111220000000211344578866765100000000000000
00000000000000002213431112000000002000213122111113113333532000352220020002221122022134555776676512000000000000
00000000000000221346544312000000000000002322112131202315410012212200002221344444122221454466555532000000000000
00000000000000002167655443220000000000000322222122222331320100033133122133344333412120023334554432000000000000
00000000000000001687665543320000000000002200001111123111101002215431333456656433331112000111344431200000000000
22222002022222158976444443310000000000000000221444122011032001564334456778787333111345767777788888888888988899
88888999889999998765335545543122210000000000222334310211320016754546557888996133135788888899998888999988888888
88888888878888988754111566677675330000020000022223312131000257667655667888888335578888899988889999988899999998
89988888888777787412002145779997100022112000000201123141000057898765576788999966677778889999999888899988899999
88888888888776454320000111698884200234531122200002221341000278876545668889998987788888899998889888899988889999
88889878877899964332222144588896122157655543312222222132000467764112346798899888888899989999999899999999999999
88888777768988899654114577889942214567655555443111122312222567412000234578999988888989888888888777788888888889
87788776668999888876666899998100023444444554443333113122221587421202021213579987788888888888888888888888888999
88887766668998899998898888883002146777787777767665565111111388652222213357889987888888888899888999988999888888
67766544556988888889988888864313589999998887788777765333331378831355657899888988898888888888888988989899888899
66665444444899988766788998654333788888998888888888876544443149889999888888999878888888888888888899988888999988
55665444444478888887899875002135677788888878887788876545544316998888899888889877888888888888888889999989888888
44433331131146787787642200222145666666777777776788877555555321898888888988889866777887787888877778888889888888
43333111111111112232000002113445676776677777776677888654444311777788999999999646777778888888788888888888888998
33333311111111200000022113336777787788767777876666676544444311203456888988865346665677787888888888889988888888
